Dunion (2011) mid-latitude dry air intrusion sounding
 6 headers
14 levels
Press   GPH   Temp  Dewp  RH    MR   Theta ThetaE Spd Dir
 hPa     m     C      C   %    g/kg    K     K    m/s deg
----   ----- ----- ----- ---- -----  ----- ----- ---- ---
  50   20696 -63.2 -75.4 21.5  0.04  494.1 495.1  9.5  88
 100   16572 -75.2 -83.1 29.2  0.004 382.2 382.8  1.8 356
 150   14182 -66.6 -75.6 29.0  0.01  355.2 355.6  6.6 292
 200   12395 -54.5 -65.3 28.2  0.03  346.3 346.5  7.5 293
 250   10930 -43.1 -55.9 27.6  0.09  341.9 342.3  6.2 292
 300    9676 -33.3 -48.5 25.4  0.20  338.3 339.2  4.3 297
 400    7590 -17.8 -37.2 22.2  0.52  331.8 333.8  1.6 342
 500    5883  -6.3 -28.5 20.1  0.95  325.3 328.7  1.7  38
 600    4430   2.2 -18.9 25.9  1.92  318.6 325.2  1.8  54
 700    3173   9.2  -9.5 30.7  3.17  312.7 323.0  3.1  69
 850    1542  16.4  10.6 71.4  9.92  303.3 333.1  5.0  79
 925     815  20.6  17.1 80.8  13.60 300.4 340.5  5.6  81
1000     133  25.8  21.1 76.2  16.28 298.9 346.6  3.5  74
1015.7     0  26.2  21.8 77.6  16.65 298.1 346.7  2.0  74

CAPE    CI    KI    LCL   LFC   LI   TPW   shr-m/s  shr-m/s
J/kg   J/kg    -    hPa   hPa    -    mm   200-700  200-850
1046  -28.0 14.6  927.7 860.0 -1.6  37.6    10.0     12.0
