Dunion (2011) mid-latitude dry air intrusion sounding
 6 headers
14 levels
Press   GPH   Temp  Dewp  RH    MR   Theta ThetaE Spd Dir
 hPa     m     C      C   %    g/kg    K     K    m/s deg
----   ----- ----- ----- ---- -----  ----- ----- ---- ---
  50   20696 -63.2 -75.4 21.5  0.04  494.1 495.1  9.5  88
 100   16572 -75.2 -83.1 29.2  0.004 382.2 382.8  1.8 356
 150   14182 -66.6 -75.6 29.0  0.01  355.2 355.6  6.6 292
 200   12395 -54.5 -65.3 28.2  0.03  346.3 346.5  7.5 293
 250   10930 -43.1 -55.9 27.6  0.09  341.9 342.3  6.2 292
 300    9676 -33.3 -48.5 25.4  0.20  338.3 339.2  4.3 297
 400    7590 -17.8 -37.2 22.2  0.52  331.8 333.8  1.6 342
 500    5883  -6.3 -28.5 20.1  0.95  325.3 328.7  1.7  38
 600    4430   2.2 -18.9 25.9  1.92  318.6 325.2  1.8  54
 700    3173   9.2  -9.5 30.7  3.17  312.7 323.0  3.1  69
 850    1542  16.4  10.6 71.4  9.92  303.3 333.1  5.0  79
 925     815  20.6  17.1 80.8  13.60 300.4 340.5  5.6  81
1000     133  25.8  21.1 76.2  16.28 298.9 346.6  3.5  74
1015.7     0  26.2  21.8 77.6  16.65 298.1 346.7  2.0  74

CAPE    CI    KI    LCL   LFC   LI   TPW   shr-m/s  shr-m/s
J/kg   J/kg    -    hPa   hPa    -    mm   200-700  200-850
1046  -28.0 14.6  927.7 860.0 -1.6  37.6    10.0     12.0
Dunion (2011) moist tropical sounding
 6 headers
14 levels
Press   GPH   Temp  Dewp  RH    MR   Theta ThetaE Spd Dir
 hPa     m     C      C   %    g/kg    K     K    m/s deg
----   ----- ----- ----- ---- -----  ----- ----- ---- ---
  50   20726 -63.0 -73.8 25.5  0.04  494.5 495.4 12.7  88
 100   16590 -74.5 -81.3 33.8  0.01  383.5 384.4  4.1  67
 150   14203 -67.2 -74.7 35.3  0.01  354.2 354.5  3.6 330
 200   12418 -54.3 -63.2 35.9  0.04  346.6 346.8  3.6 309
 250   10949 -42.3 -52.4 37.0  0.14  343.0 343.6  2.1 305
 300    9690 -32.3 -43.5 38.7  0.34  339.8 341.1  0.9 309
 400    7596 -17.1 -28.7 44.4  1.12  332.7 336.8  0.8 100
 500    5887  -6.6 -16.9 51.8  2.41  325.0 333.3  1.8 111
 600    4437   1.6  -7.1 57.7  4.11  317.9 331.4  2.7 113
 700    3178   8.9   2.5 65.7  6.734 312.3 333.6  3.6 112
 850    1541  17.6  13.8 79.5 11.96  304.6 340.5  4.7 109
 925     810  21.9  19.0 84.2 15.27  301.7 346.9  4.9 108
1000     124  26.5  23.3 83.3 18.50  299.6 354.0  3.0  98
1014.8     0  26.8  23.7 83.3 18.65  298.8 353.5  1.8  97

CAPE    CI    KI    LCL   LFC   LI   TPW   shr-m/s  shr-m/s
J/kg   J/kg    -    hPa   hPa    -    mm   200-700  200-850
1922  -22.9 31.5  944.0 879.5 -4.4  51.5     7.1      8.2
Dunion (2011) SAL sounding
 6 headers
14 levels
Press   GPH   Temp  Dewp  RH    MR   Theta ThetaE Spd Dir
 hPa     m     C      C   %    g/kg    K     K    m/s deg
----   ----- ----- ----- ---- -----  ----- ----- ---- ---
 50    20733 -63.0 -72.2 28.6  0.05  494.6 496.4 15.6  89
 100   16593 -73.7 -80.4 32.5  0.01  385.0 386.7  6.0  86
 150   14196 -66.8 -74.5 32.6  0.01  354.8 355.5  1.1 329
 200   12413 -54.7 -64.2 31.6  0.04  346.0 346.2  2.1 300
 250   10947 -43.1 -54.2 31.4  0.11  341.9 342.2  0.9 323
 300    9693 -33.1 -47.4 27.3  0.21  338.6 339.5  1.1  57
 400    7604 -17.5 -35.1 25.7  0.61  332.1 334.4  3.5  83
 500    5897  -6.4 -26.4 23.5  1.09  325.1 329.1  5.0  84
 600    4451   1.5 -16.5 30.7  2.13  317.8 325.0  6.7  88
 700    3190   9.4  -6.6 33.5  3.51  312.8 324.3  7.8  91
 850    1553  17.5  11.3 69.5 10.28  304.5 335.5  7.6  92
 925     823  21.6  18.2 81.7 14.53  301.4 344.3  7.1  92
1000     138  26.7  22.7 78.9 17.81  299.9 352.3  4.4  86
1016.5     0  27.6  23.2 77.2 18.04  299.5 352.5  2.7  84

CAPE    CI    KI    LCL   LFC   LI   TPW   shr-m/s  shr-m/s
J/kg   J/kg    -    hPa   hPa    -    mm   200-700  200-850
1731  -32.8 19.2  935.3 862.8 -3.7  40.1     9.8      9.7
