Dunion (2011) SAL sounding
 6 headers
14 levels
Press   GPH   Temp  Dewp  RH    MR   Theta ThetaE Spd Dir
 hPa     m     C      C   %    g/kg    K     K    m/s deg
----   ----- ----- ----- ---- -----  ----- ----- ---- ---
 50    20733 -63.0 -72.2 28.6  0.05  494.6 496.4 15.6  89
 100   16593 -73.7 -80.4 32.5  0.01  385.0 386.7  6.0  86
 150   14196 -66.8 -74.5 32.6  0.01  354.8 355.5  1.1 329
 200   12413 -54.7 -64.2 31.6  0.04  346.0 346.2  2.1 300
 250   10947 -43.1 -54.2 31.4  0.11  341.9 342.2  0.9 323
 300    9693 -33.1 -47.4 27.3  0.21  338.6 339.5  1.1  57
 400    7604 -17.5 -35.1 25.7  0.61  332.1 334.4  3.5  83
 500    5897  -6.4 -26.4 23.5  1.09  325.1 329.1  5.0  84
 600    4451   1.5 -16.5 30.7  2.13  317.8 325.0  6.7  88
 700    3190   9.4  -6.6 33.5  3.51  312.8 324.3  7.8  91
 850    1553  17.5  11.3 69.5 10.28  304.5 335.5  7.6  92
 925     823  21.6  18.2 81.7 14.53  301.4 344.3  7.1  92
1000     138  26.7  22.7 78.9 17.81  299.9 352.3  4.4  86
1016.5     0  27.6  23.2 77.2 18.04  299.5 352.5  2.7  84

CAPE    CI    KI    LCL   LFC   LI   TPW   shr-m/s  shr-m/s
J/kg   J/kg    -    hPa   hPa    -    mm   200-700  200-850
1731  -32.8 19.2  935.3 862.8 -3.7  40.1     9.8      9.7
