Dunion (2011) all soundings (Jordan-equivalent)
 6 headers
14 levels
Press   GPH   Temp  Dewp  RH    MR   Theta ThetaE Spd Dir
 hPa     m     C      C   %    g/kg    K     K    m/s deg
----   ----- ----- ----- ---- -----  ----- ----- ---- ---
  50   20723 -63.1 -73.8 25.4  0.04  494.5 495.5 12.9  88
 100   16588 -74.4 -81.4 32.9  0.01  383.7 384.5  4.0  70
 150   14199 -67.0 -74.8 33.9  0.01  354.5 354.8  3.4 321
 200   12414 -54.4 -63.7 34.2  0.04  346.4 346.6  3.8 304
 250   10946 -42.6 -53.2 34.8  0.13  342.6 343.2  2.4 302
 300    9689 -32.6 -44.9 34.5  0.29  339.3 340.5  1.1 313
 400    7597 -17.3 -31.2 37.5  0.94  332.5 335.9  1.2  81
 500    5888  -6.5 -20.4 41.7  1.94  325.0 331.8  2.3  93
 600    4439   1.7 -10.3 48.8  3.47  318.0 329.5  3.2 100
 700    3180   9.1  -1.0 54.4  5.60  312.5 330.3  4.3 100
 850    1543  17.4  12.9 76.4 11.34  304.4 338.5  5.3 101
 925     813  21.7  18.6 83.2 14.89  301.5 345.5  5.4 100
1000     128  26.4  22.9 81.4 18.06  299.6 352.6  3.3  92
1015.3     0  26.9  23.3 81.3 18.26  298.9 352.3  2.0  91

CAPE    CI    KI    LCL   LFC   LI   TPW   shr-m/s  shr-m/s
J/kg   J/kg    -    hPa   hPa    -    mm   200-700  200-850
1765  -25.7 26.7  940.0 873.6 -3.9  47.3     7.9      8.9
